9.99999305192843191e-01
9.99998314427968715e-01
9.99995910881126493e-01
9.99990080022957306e-01
9.99975934882457285e-01
9.99941621013942683e-01
9.99858386759935547e-01
9.99656521440715706e-01
9.99167143007022140e-01
9.97981919763577974e-01
9.95118268171188980e-01
9.88238988712102251e-01
9.71938873681580384e-01
9.34544013932176121e-01
8.54762566024863890e-01
7.08110929187707572e-01
5.00000000000000000e-01
2.91889070812292428e-01
1.45237433975136110e-01
6.54559860678239347e-02
2.80611263184195603e-02
1.17610112878977491e-02
4.88173182881096457e-03
2.01808023642202627e-03
8.32856992977804023e-04
3.43478559284293716e-04
1.41613240064453194e-04
5.83789860572614394e-05
2.40651175426598307e-05
9.91997704274938386e-06
4.08911887350704717e-06
1.68557203122920995e-06
